4000 	 100 	 2.000000 
0 	 4000 	 100 	 0.002658 
4000 	 200 	 4.000000 
0 	 4000 	 200 	 0.005231 
4000 	 400 	 8.000000 
0 	 4000 	 400 	 0.010776 
4000 	 800 	 16.000000 
0 	 4000 	 800 	 0.020516 
4000 	 1600 	 32.000000 
0 	 4000 	 1600 	 0.040715 
4000 	 3200 	 64.000000 
0 	 4000 	 3200 	 0.082655 
8000 	 100 	 4.000000 
0 	 8000 	 100 	 0.005229 
8000 	 200 	 8.000000 
0 	 8000 	 200 	 0.010694 
8000 	 400 	 16.000000 
0 	 8000 	 400 	 0.020536 
8000 	 800 	 33.000000 
0 	 8000 	 800 	 0.065452 
8000 	 1600 	 64.000000 
0 	 8000 	 1600 	 0.081317 
8000 	 3200 	 129.000000 
0 	 8000 	 3200 	 0.163511 
16000 	 100 	 8.000000 
0 	 16000 	 100 	 0.010550 
16000 	 200 	 16.000000 
0 	 16000 	 200 	 0.020938 
16000 	 400 	 33.000000 
0 	 16000 	 400 	 0.041570 
16000 	 800 	 107.000000 
0 	 16000 	 800 	 0.084544 
16000 	 1600 	 129.000000 
0 	 16000 	 1600 	 0.163230 
16000 	 3200 	 258.000000 
0 	 16000 	 3200 	 0.324715 
32000 	 100 	 17.000000 
0 	 32000 	 100 	 0.021657 
32000 	 200 	 33.000000 
0 	 32000 	 200 	 0.041439 
32000 	 400 	 65.000000 
0 	 32000 	 400 	 0.082770 
32000 	 800 	 131.000000 
0 	 32000 	 800 	 0.166488 
32000 	 1600 	 272.000000 
0 	 32000 	 1600 	 0.327227 
32000 	 3200 	 523.000000 
0 	 32000 	 3200 	 0.655777 
64000 	 100 	 34.000000 
0 	 64000 	 100 	 0.042424 
64000 	 200 	 68.000000 
0 	 64000 	 200 	 0.084565 
64000 	 400 	 134.000000 
0 	 64000 	 400 	 0.166944 
64000 	 800 	 269.000000 
0 	 64000 	 800 	 0.329673 
64000 	 1600 	 529.000000 
0 	 64000 	 1600 	 0.650536 
64000 	 3200 	 1040.000000 
0 	 64000 	 3200 	 1.302525 
